19/04/13,8179,166601,15,00,1234826107,1920.00,
19/04/13,8179,166601,07,31,1,920.00,0.00,
19/04/13,61,8163,15,00,1234834363,2800.00,
19/04/13,61,8163,07,31,2,800.00,0.00,
19/04/13,61,8174,15,00,1234820768,2400.00,
19/04/13,61,8174,07,31,2,400.00,0.00,
19/04/13,8179,166634,15,00,1234823995,1000.00,
19/04/13,8179,166634,07,31,1,000.00,0.00,
19/04/13,8179,166635,15,00,1234832488,1512.50,
19/04/13,8179,166635,07,31,1,512.50,0.00,
19/04/13,61,8228,15,00,1234820831,3360.00,
19/04/13,61,8228,07,31,3,360.00,0.00,
19/04/13,488,654392,15,00,1234833394,2724.00,
19/04/13,488,654392,07,31,2,724.00,0.00,
19/04/13,8179,166644,15,00,1234826107,3000.00,
19/04/13,8179,166644,07,31,3,000.00,0.00,
19/04/13,4412,352969,15,00,1234826330,3360.00,
19/04/13,4412,352969,07,31,3,360.00,0.00,
19/04/13,488,654420,15,00,1234820991,1200.00,
19/04/13,488,654420,07,31,1,200.00,0.00,
19/04/13,61,8276,15,00,1234830962,2800.00,
19/04/13,61,8276,07,31,2,800.00,0.00,
19/04/13,8179,691985,15,00,1234816708,4000.00,
19/04/13,8179,691985,07,31,4,000.00,0.00,
19/04/13,61,8288,15,00,1234822929,2220.00,
19/04/13,61,8288,07,31,2,220.00,0.00,
19/04/13,61,8319,15,00,1234830899,3920.00,
19/04/13,61,8319,07,31,3,920.00,0.00,
19/04/13,4099,728679,15,00,1234823103,2800.00,
19/04/13,4099,728679,07,31,2,800.00,0.00,
19/04/13,870,67063,51,02,AUT  67063 SER BCA E,44818.14,
19/04/13,4099,728694,15,00,1234834586,2017.50,
19/04/13,4099,728694,07,31,2,017.50,0.00,
19/04/13,870,69728,51,02,AUT  69728 SER BCA E,161590.48,
19/04/13,870,73561,51,02,AUT  73561 SER BCA E,31759.14,
19/04/13,488,654504,15,00,1234822580,960.00,
19/04/13,488,654504,07,31,960.00,0.00,
19/04/13,296,921708,15,00,1234828142,2240.00,
19/04/13,296,921708,07,31,2,240.00,0.00,
19/04/13,6477,110714,15,00,1234832614,4235.00,
19/04/13,6477,110714,07,31,4,235.00,0.00,
19/04/13,4899,671910,15,00,1234821514,2100.00,
19/04/13,4899,671910,07,31,2,100.00,0.00,
19/04/13,4899,672325,15,00,1234822071,4320.00,
19/04/13,4899,672325,07,31,4,320.00,0.00,
19/04/13,8179,166798,15,00,1234817105,9520.00,
19/04/13,8179,166798,07,31,9,520.00,0.00,
19/04/13,488,654625,15,00,1234729929,4000.00,
19/04/13,488,654625,07,31,4,000.00,0.00,
19/04/13,488,654626,15,00,1234826616,400.00,
19/04/13,488,654626,07,31,400.00,0.00,
19/04/13,324,226248,15,00,1234808835,3120.00,
19/04/13,324,226248,07,31,3,120.00,0.00,
19/04/13,324,226288,15,00,1234820608,5760.00,
19/04/13,324,226288,07,31,5,760.00,0.00,
19/04/13,7418,127355,15,00,1234837144,12320.00,
19/04/13,7418,127355,07,31,9,955.75,0.00,
19/04/13,7418,127355,07,32,2,364.25,0.00,
19/04/13,61,8710,15,00,1234831582,3920.00,
19/04/13,61,8710,07,31,3,920.00,0.00,
19/04/13,488,654715,15,00,1234828588,285.00,
19/04/13,488,654715,07,31,285.00,0.00,
19/04/13,6477,110829,15,00,1234834426,403.50,
19/04/13,6477,110829,07,31,403.50,0.00,
19/04/13,296,922024,15,00,1234824455,8160.00,0
19/04/13,296,922024,07,31,8,160.00,0.00,